781347
908813
65190
170004
594475
725493
997959
981111
826492
137513
233335
881561
153895
624597
181651
767673
5240
125860
287758
268179
180864
728485
219785
270425
444783
987453
968814
717045
883466
513897
844919
858985
889604
675822
680118
546755
183514
592864
494002
865914
82956
861608
529247
363548
594413
549200
37445
977410
859452
394759
501760
495472
522344
179395
854251
876859
22676
101641
763575
866944
434335
623684
65198
71079
528523
440383
750901
223233
999585
192703
491859
167181
434560
316803
800444
685560
40924
550115
947799
611849
108085
616317
443482
305008
821286
636316
544251
425129
208616
377547
361626
688289
911789
817940
760120
379285
387200
210809
477782
928901
485766
573261
898867
644207
466141
375449
666162
546403
984554
997778
422418
392610
715737
524758
606998
797609
475348
905039
877921
546618
993212
902634
876329
130127
644618
773978
927921
220301
633278
660079
621666
303463
973113
511491
503601
286288
291221
922508
907521
392123
752858
95338
256075
185292
947722
145822
540442
399125
833084
188880
924235
406217
461833
860945
593048
672011
814288
896912
991443
862684
302700
244963
541846
380893
591584
933339
275212
980413
463621
667625
584793
54319
856966
697920
341510
20512
551390
126502
392533
783238
879130
579910
873778
640839
607176
358127
948710
535131
307642
23800
517555
388309
737286
875446
972596
861350
25119
611232
652106
439956
915662
13897
849276
362761
121457
817840
771508
675529
861962
631023
864324
718741
700579
206995
901169
7666
2393
698916
388366
408814
470451
244794
277032
718636
361775
231188
376478
151632
422885
400668
275011
71058
677652
574831
371690
976860
272719
552072
32123
755340
902429
115896
887722
952163
530186
370780
745870
68539
535654
397179
232792
250525
982600
481769
196638
90913
892679
17187
669355
380499
739313
573445
843173
541203
983595
280901
656123
246460
700041
326405
248128
108520
677586
150459
751186
950080
503118
545127
346001
769520
499918
855392
388011
874642
697812
659100
852968
283262
73288
133002
12334
240710
976942
170309
786120
530
673088
525346
796392
304677
641807
492269
199362
416526
696563
516092
231317
476061
14010
448109
119294
810501
513592
494175
264107
636
953428
561084
425421
445851
282894
743421
992782
895958
317505
331916
745147
70888
523555
725269
340230
339164
285433
596987
677275
567
330625
510144
583309
460001
257030
891243
588946
945379
305578
357211
510060
891448
314808
172534
711073
608633
759126
224326
596573
988131
764610
497204
680655
353962
75384
678171
411819
616506
179356
693639
254607
165328
717957
39734
560771
861769
910277
399252
221402
960524
845600
471814
358288
611724
473988
179297
114237
768094
762164
92140
936603
285183
192206
458991
775390
317791
683586
616406
72051
204836
739178
40830
44652
805791
682536
56761
215981
268227
293862
532313
892396
132891
53562
800585
886748
165908
359348
896024
169580
951997
640883
691603
320639
242934
576349
176051
457478
102632
34763
507886
252403
752478
134059
444747
529306
354954
24131
892376
632301
576091
872496
392267
384519
33748
450280
525229
92558
134024
527087
921036
528661
153976
979041
211181
637410
403558
22773
177573
405932
562100
625884
381797
690221
71140
410340
213015
990306
743635
980216
556501
994303
242314
841792
450527
797917
654164
472685
523030
572223
511075
872887
139156
638779
446812
515254
834223
847691
280027
600911
65973
524400
422466
703299
589779
144437
355176
687194
500682
23754
950968
260014
375616
543176
971027
831863
72989
163466
14004
444087
734193
598491
601838
102866
900304
266012
670971
820249
419140
209178
506098
155024
683951
41026
75732
146128
270637
695314
478819
625679
238953
599376
58018
202463
524536
428106
99585
371987
319001
433960
602717
180385
555553
856066
893257
801417
327780
607488
186955
272992
134648
407149
819835
230455
243680
554292
228034
755582
360531
348185
874507
201296
852363
86611
111627
691016
851525
836620
538001
571612
99429
886380
781821
796968
778875
85515
346599
639637
618952
163362
498159
40386
854768
923132
495856
156326
441543
747836
32540
354642
388652
980793
517629
243481
574673
417383
878534
677036
53898
630289
837489
896022
196177
640374
636440
578796
330370
369576
606583
828231
906755
139181
591617
760485
356267
460896
647800
943038
82184
68509
616230
833811
602396
519780
121971
689135
772234
596146
562419
776091
316300
5316
968808
314372
135351
499957
809136
152202
897952
398112
261990
211192
761104
668861
585777
989916
407017
631016
615066
735289
11242
873589
932989
120089
914234
724446
551505
112016
91694
273650
657187
854800
3886
455916
760314
358396
203989
976223
999484
774761
591233
299266
68755
771618
675811
639383
239267
149960
859019
492329
271557
630723
839684
28141
852830
752350
609311
678866
388323
812500
676167
501505
785382
733940
381677
399646
503851
464286
300398
296661
995827
836919
438517
874421
886274
388512
997962
737962
628230
135077
135987
960764
879409
633698
929060
707360
870630
911866
605360
461468
851705
852219
105489
752710
443828
452645
116895
658511
567115
295656
919700
276206
866521
796130
861710
547491
208683
502869
15676
281101
234333
341015
18978
492909
996879
274151
979346
544594
434621
933399
676273
916400
375672
41535
287207
809861
525177
235377
216072
630611
329288
244317
114608
734721
735460
579135
353119
135853
14576
716911
596918
583175
795779
655678
345605
296850
263585
500752
666543
181916
613446
258053
358190
737938
427117
10146
619771
694804
51008
901017
705684
358901
100066
662141
681881
928773
261668
858328
350748
979110
684913
978751
835375
714524
373975
924796
230149
384562
461894
118699
936694
237555
745143
890029
454891
453752
615009
652552
151879
839249
371753
983650
418714
785145
340401
673421
990844
658365
309303
970108
206886
160138
755723
10563
382686
724085
990876
661612
189182
676485
575711
231633
74077
27780
574939
426618
420940
802794
708547
429379
354997
242817
918657
852855
839802
419475
330033
106885
240518
153890
754399
137814
461783
132171
147425
78531
113927
839517
60820
50922
965572
451378
936433
258279
51865
666235
64559
71329
299843
844548
348153
421759
380646
372473
338539
395135
552690
410337
341630
85227
307686
857373
490305
823785
331883
649766
838710
580665
504542
841248
446314
54476
981208
476947
235516
234777
348987
927275
891999
393016
901874
924786
21108
283626
646938
44083
301075
966852
525613
468539
304316
386122
474840
666168
225637
429511
720629
81214
966622
474112
929442
709885
447314
536772
970075
625174
122695
310441
32841
680811
970193
240675
446713
204630
374263
862344
844580
936349
241757
543054
59424
65368
495945
106322
42295
482459
556770
222821
58976
963263
579544
586285
267153
834277
912018
394761
722601
967803
363114
293049
388458
350659
355773
493074
443049
558479
307794
874768
370818
816964
658147
791631
638899
781016
915737
124063
323801
939872
427666
982240
275429
384203
327289
37345
326810
155539
72000
84152
668503
44432
958016
389655
733078
909383
43900
164712
389159
88490
886546
844832
113731
192942
298302
584745
981688
303768
133933
425551
200008
256890
964919
464198
457042
780480
833783
834427
715791
892849
513513
682917
966899
916465
760773
315966
464114
351349
358663
652585
698484
823752
193374
884066
665138
107949
156842
31216
391068
44641
381637
319518
183202
184006
556264
405270
223509
765140
635696
628937
813623
354129
840769
541410
482612
921331
158082
230308
345429
746832
687968
688418
925108
143231
648151
338466
720889
113143
417461
5719
969374
573284
203407
928939
320608
516472
794128
967792
961552
406796
981534
33241
151911
325507
132977
62956
735663
723277
455163
534876
97936
279694
755473
966590
327164
943867
479426
323787
707065
473416
56953
832185
37210
441987
723334
2244
497234
92844
349269
647567
783356
73531
424912
17411
401025
60385
898711
764678
554149
495525
110235
153137
895537
786451
156590
755347
863335
918626
764027
198168
778569
72610
291591
166272
112618
634632
86265
462957
89052
643006
754499
382631
196851
863759
97295
257009
142346
489490
87212
354056
539024
832408
535738
21658
172437
851987
217060
98635
340144
242134
51208
390773
199172
803895
883343
209677
5453
869419
400143
813994
534165
302379
241626
561591
239528
630600
879973
266726
447870
791959
140928
263821
918123
531747
499754
991311
96071
452905
945682
460339
541594
391542
296942
65653
536496
510149
903743
111297
143181
956581
92616
74482
242577
428264
966507
588074
656393
648089
56637
83931
503702
633829
52364
700525
671065
86535
492500
113384
291043
123275
978301
223994
424368
818060
698470
645428
360079
133083
314560
270396
605934
646149
343942
264853
547799
960096
167492
894738
56666
91712
719720
308900
855053
842987
122579
896648
332053
661994
64336
941019
234746
728161
476742
840751
813540
382829
191865
199664
770995
284740
209018
615305
835290
649100
283027
451374
490265
483680
747664
971625
131076
923472
902036
984633
479860
322757
366108
319049
624286
238137
859027
300193
815348
484343
78631
720721
881162
687179
66947
736466
230903
801807
270778
465358
330763
145331
663048
983062
393591
514561
331761
874494
210361
757039
128785
791899
490443
794471
33448
525244
552358
610320
151538
858356
112273
57171
660863
457925
485478
90165
73899
481310
567144
504864
689751
722611
298120
689171
498575
513429
154136
708429
837842
640754
350524
858301
683956
342650
954191
612384
462029
266309
740229
713472
282143
523421
297897
567102
38407
432975
958297
162987
496029
150692
745568
897101
810272
408258
302681
391470
761596
612066
88968
690534
569531
361608
821594
692527
431282
973020
95337
414233
623857
387216
163147
745292
778567
707014
520420
347159
807305
435197
856453
419095
150985
930991
487451
109575
800003
370370
653704
540353
290221
20655
292342
581387
776923
773166
10427
509465
610741
896516
5548
50483
309075
552952
292328
530454
856705
151488
286280
698951
774961
505095
572164
728421
989111
257573
345940
644630
581577
509123
246690
633327
54436
374411
90482
725413
92303
947316
550987
731027
640391
409176
771346
922119
320561
768667
746571
340903
190576
651914
997223
113864
70449
797575
471276
343750
489606
410217
937343
265075
579892
750459
609448
405365
911539
695201
117479
746247
598128
498907
451689
126840
38327
527720
290222
328982
55643
478849
478210
390830
665032
811669
619197
477011
313514
671866
515365
529760
853737
306400
129478
543989
368187
59610
246823
9467
889407
800634
689695
36480
942916
341771
657627
527539
118437
413098
540471
25551
436387
757439
446396
403017
705256
533153
620479
98796
97437
734636
242666
770983
307558
657195
577394
200967
632638
922598
692577
673005
542533
736452
87307
23145
105903
869531
925890
442046
426739
500782
304957
486047
811522
179801
218501
982338
262364
293412
606005
169805
704877
829286
545873
744491
987740
948449
311513
575630
256095
683858
965584
772298
161799
927741
488573
729405
539449
190120
574132
178969
797606
319336
711960
401923
774221
571339
674311
638790
871015
688897
195538
23791
457836
877976
973061
610573
38118
362075
279256
522260
972636
193852
91935
102045
886529
851012
229120
156609
474328
76091
846793
604182
490547
38732
216958
665659
787614
601461
915852
520457
909312
499502
625917
293516
922124
142698
282951
808603
537472
378323
565707
746703
723113
220064
767889
468259
49447
492526
323109
740726
142918
853287
958903
41262
733645
442041
350029
104418
671007
525026
163506
472427
567657
686584
618101
989408
755847
875062
585003
763667
951847
377397
835804
158496
126798
488157
640873
138362
204035
432371
670651
611206
627447
92755
645231
430655
676316
376167
786040
418349
360058
48380
289725
864941
250165
54115
413117
650244
117977
771213
467139
7394
321114
996815
925120
322816
38326
139925
456437
453988
40427
58946
282995
465883
50702
713979
383609
297166
119136
810707
423121
718620
206371
76815
65826
317603
129261
292108
990676
3294
307557
112823
624818
353308
941337
457951
533014
767622
165462
87275
29440
735163
439694
621428
528199
612471
709288
827228
912752
837245
518173
447552
100318
514501
91005
189797
242418
716728
876058
351152
312326
641569
931001
134187
521274
584635
734687
574895
638219
747459
70406
788179
652766
477035
304608
63267
307182
83399
301280
74469
58721
748602
201641
958427
841109
832085
926367
374296
714639
209140
326768
710201
398870
344932
152818
501577
163791
863233
722227
686685
194819
382418
718917
226436
31069
231899
319261
822574
997805
672574
470767
601252
672353
522416
645962
191869
736562
240843
631762
538606
773405
158574
914488
237164
136569
374478
619039
950592
876861
547169
368734
874123
956765
657444
171600
468009
925782
558527
400325
266520
849046
860511
335211
344475
840880
791288
36132
206937
915542
845908
838103
463415
211427
64241
262081
20800
812533
998357
224603
515529
433358
71982
883536
366352
252574
130485
878479
578077
734691
615617
496938
405205
839698
269878
812573
499941
444864
728119
674864
884325
93053
989006
743842
652628
842068
950792
326257
699963
220379
945331
219112
795911
373135
436676
863178
394463
200266
683989
387482
594006
266128
630603
679492
461937
156304
36196
643113
132789
351311
480035
564159
57198
272744
26323
291583
447004
854673
286854
978413
487982
345761
570834
625228
169924
543110
860855
753828
651028
368134
18793
901957
604581
486920
510637
730604
105026
620957
516063
5077
930576
532049
887331
425254
604661
801843
427471
138011
338090
23509
130356
705196
354262
117542
420409
202598
522985
526563
924351
91616
694326
740067
526427
693705
962080
889004
940140
370973
82298
960795
646411
423275
255100
968053
736363
677572
989158
934161
488238
403063
730235
514848
409815
731769
344270
304767
662918
239110
304904
748149
437480
710817
865475
423243
593972
926987
639286
33793
806140
230653
486539
184541
752879
8628
712423
698173
206881
697449
807737
457385
858989
738402
120475
92485
43625
39312
795953
800698
88906
3563
153635
69562
379229
152353
746754
666122
53276
978274
633914
53637
852635
486869
963011
232705
620460
641083
197247
292255
365201
372533
645051
999316
721304
487777
835598
606624
401391
344059
231868
293043
140014
664047
877133
778198
585902
194461
331842
634849
280277
259730
175443
56231
724777
900822
497860
824581
492215
308987
839160
308395
698937
137002
946066
915733
432455
686972
951347
906481
904709
633350
420438
633878
364967
921134
301869
419048
282926
726770
779084
601875
793755
963768
702760
493821
503659
631512
821292
714125
758815
587059
396293
304998
68958
732589
218191
132072
16120
21274
940707
684554
785162
623833
652639
666948
745180
139708
790402
494065
867979
299274
370139
896462
724592
643278
983890
169335
305551
361464
925718
75686
67572
935628
133608
466609
395987
280908
293798
160809
997653
26367
302532
765582
794533
27438
387776
456674
728883
522091
959955
286183
546481
122001
409675
994314
165125
896903
475817
429821
383476
584152
698328
323760
84749
267652
577077
937533
226143
955721
957172
559003
82065
401080
105689
436203
302620
649706
397307
321677
879864
114534
32304
755782
832240
435636
675247
815904
142760
436761
822526
43201
575949
311045
671747
839137
867797
240233
77710
33884
508561
414587
688333
515986
416304
578672
375246
708463
652567
862129
623788
297705
651258
173463
608982
990157
974840
269428
954928
586968
549578
106402
55373
292540
341402
940969
134599
734648
551101
255706
910861
948371
614303
461006
123496
42838
880633
289408
982664
837245
116050
708191
820951
234217
135045
60406
485705
752601
671286
861993
306416
182245
219347
787698
38044
786005
638127
478086
109129
54754
697112
320200
6453
671995
104399
582178
729131
909660
302370
678440
431819
71506
580374
538243
805580
13280
136977
967596
967898
958252
324018
973248
126126
934070
998831
453109
648556
433705
886406
384214
591703
398742
70093
557993
903441
659617
865410
565031
713031
524862
929109
406386
795608
878495
990398
934142
137234
813706
355150
57253
541399
16797
225418
757997
950395
219360
639903
367267
425109
995554
815825
619095
965811
507819
976179
962645
388272
44146
667569
563812
616578
545050
323841
468550
557056
156653
528493
667220
50571
708681
16409
548831
852651
404471
835694
338659
296994
214788
502408
14934
775683
729777
628289
869513
372504
23856
263081
919966
471774
106420
81860
595402
331822
613128
693389
619035
547544
798555
729416
307857
749057
53757
10773
280290
262936
447292
725494
249628
606705
651506
298806
3084
765096
8047
379395
813904
245806
920815
938636
911077
593078
242299
101096
709527
490515
204578
607604
23525
194951
803192
326583
579923
666107
218783
154116
862395
914218
223072
743009
587080
591692
508996
794967
474148
255923
999845
709457
711503
937194
333879
921812
812224
999365
649768
83726
788844
455751
293007
460473
299350
809306
208023
64910
909712
891830
283708
586166
967066
401338
470779
440421
905146
483490
267553
913442
144825
916509
731230
215023
583214
721858
541183
90303
242740
447828
520814
398029
240768
718879
194672
283736
948859
179411
285523
554703
229553
60629
92723
778068
547177
46178
306655
242132
144308
429079
208307
185020
296426
371413
799150
311216
933433
575782
782317
591001
264519
488851
957950
345769
832564
598696
799204
568821
34552
843449
450225
17357
747072
136767
540995
81658
15104
275434
945770
907515
578422
502622
553908
409002
256295
56381
615745
456552
824559
406078
117087
177159
244019
542719
383474
661431
599297
393291
688339
118850
542674
344246
988694
57945
801578
105760
61800
692329
679499
484230
881315
176048
221490
72458
428783
873036
839584
12657
761813
320980
608465
93966
496861
734174
677420
206849
113413
881777
39956
38074
291585
475239
538182
399453
664009
442141
124341
944055
642879
91403
389154
146529
163639
786877
712277
775079
590189
635589
677833
823160
709555
283556
659914
904690
239240
113891
863799
886239
56574
840443
154868
366793
990497
71650
643942
615580
414711
998790
863561
602216
415790
889891
964889
210288
837472
724212
414918
510347
784600
471514
253421
205313
401597
267816
762499
628828
457671
943399
764515
596582
89459
989661
484578
486984
918768
733659
41596
559301
872080
502325
111559
377342
490853
363645
227001
567283
774506
760754
504364
895554
768014
816692
988262
543080
911768
695624
424715
279133
397338
618940
495709
139954
544283
194018
133041
527374
476125
574815
723639
289253
70802
347941
11668
226935
826352
788313
740739
278966
146543
864828
587817
730699
383104
819928
827708
790037
669775
452954
63130
551105
287860
426752
843214
346001
52782
623469
886437
322839
477524
430230
403368
637397
373052
316880
89174
276627
883928
591037
351022
715932
370762
134174
33216
237313
299656
171672
501842
782959
559515
347814
848470
930981
265969
796813
517274
37547
91367
790012
598572
381626
644330
608650
764481
671620
260629
558722
503032
349437
674758
869835
59471
452890
594644
505321
697317
827550
858245
753943
659097
425819
49959
678265
558854
544288
998161
605813
948859
521404
952694
238609
350255
857053
455940
516672
589052
940750
461765
735568
60013
935252
946752
618820
546828
243888
375653
775124
644789
662298
425385
514184
100487
339517
930331
495965
288064
711737
687273
838864
968966
661335
646299
865692
915364
561873
14964
145822
804431
531
407621
517945
103453
783760
115367
287705
720749
343808
279691
188336
880599
185876
552736
582382
937728
813592
111956
650242
890112
203833
937151
974278
594722
299309
617790
139371
646522
645246
451540
278145
783535
610589
213772
832556
942249
383743
374710
479548
110884
470236
247816
725598
375756
137340
540544
402831
620620
40898
370541
7788
167372
693370
14540
918820
17781
794718
594245
961051
780473
995679
530619
7037
489824
768940
954164
343612
315473
759166
534134
183928
188075
59882
923333
905923
117186
25615
396445
847459
941811
791444
14106
629926
243694
3003
319514
78159
184723
412446
117509
936537
686991
964425
359041
911783
395858
520413
764512
412915
502845
491480
260323
556213
396567
394297
382173
243526
115055
696791
594339
82731
145598
63482
18996
431067
549767
353151
77771
414676
627908
636059
437274
98740
844542
697637
335639
567632
829769
416373
202441
924930
741107
406688
862744
140457
895837
984053
262731
2167
739058
71166
108153
751837
493364
1097
574539
800814
879247
168141
6615
134001
957653
133888
693871
351689
403730
75807
488115
602264
338305
965293
629831
635624
465543
72198
218581
983579
954865
389115
510658
740043
567636
614197
987175
684923
324790
465266
655937
883586
357464
105891
633874
903549
112515
540453
626077
629989
254442
732214
913201
627562
206362
920131
527196
173127
722678
728777
620839
199390
430468
567386
984215
564576
869606
107069
100901
731813
550680
245774
837743
893422
793723
970164
568510
673717
942827
550026
292797
697704
315560
749933
879216
924430
599398
245512
101912
345274
138948
413921
709903
999124
658243
339140
514594
530208
248204
228037
88084
943809
62837
171918
878332
837541
270388
72621
506742
156503
52325
466024
209699
292944
633631
789660
688181
934418
831134
146714
440769
408467
39473
207647
769437
937701
119647
996550
889916
999884
378037
607223
445976
443381
752169
507307
208942
737235
941749
378049
858759
610431
263093
191327
918839
715190
261224
267258
704890
612077
125849
360637
502298
295389
390391
467068
376974
341699
618789
908365
940704
130176
441164
913453
869187
572783
769298
589564
513915
872276
880232
212796
689510
873800
369200
572712
727287
481783
570642
256707
121701
227195
47806
405358
440096
966568
98291
603593
78269
548464
241941
40983
466403
730003
499332
765579
435946
966516
191358
10156
584061
204530
634939
790060
116178
305342
457987
737117
563718
154082
948460
318575
892617
386402
528775
615706
344191
715702
869685
535035
46910
477545
826857
637532
548979
647267
442477
194260
693752
74699
641895
124281
939028
288681
528038
81824
890606
53208
48806
223988
941361
656411
903745
333976
461227
603447
738885
494225
654659
675800
950583
446622
752805
753638
491269
361778
386136
598158
214965
186984
501019
40913
37335
313659
903119
766923
597119
327990
229240
199427
44208
980307
894306
198184
710612
8419
273479
324194
345908
460751
867675
861340
496664
43986
115560
58831
183062
270185
601009
573088
667024
547176
66755
48768
587737
583321
539185
731834
231984
409937
735866
519540
100004
178601
20439
874539
628681
836177
815503
216376
621277
167402
259039
649989
767948
618247
680844
381940
978073
632909
43495
466254
395594
333556
610313
327728
669612
356607
415448
173924
608924
253652
263764
873927
405244
310768
434866
663623
86707
561332
21403
983567
273079
814148
185542
345179
861674
693817
729310
564765
661708
133381
849628
56484
611382
328324
388144
197339
751438
933451
598204
846275
87111
346723
896830
416632
518161
901260
22197
139200
997216
30509
3429
896112
432720
414906
359209
420044
200661
883070
563869
996014
631897
973731
238902
685058
436749
67386
610622
522897
666844
191337
422250
413458
35384
14830
239861
582327
539743
570334
218208
194157
499360
768765
476669
771806
428713
108546
585769
159170
971766
73250
681565
715869
60094
35863
377477
374764
90526
947488
270738
950482
126056
37717
604878
826494
337678
415499
172062
999374
54513
473028
137950
413923
83410
624050
377644
756559
223191
762942
492399
754544
731453
457802
72935
11686
474291
107013
136317
154021
47937
230419
185346
130212
571153
768125
722376
367780
3020
374863
908822
415372
131487
809036
721120
746925
48795
618210
940060
917555
13804
370456
972735
476946
522396
599472
891184
868635
636099
231874
92771
650227
932454
97299
194224
573593
490125
328614
183606
978351
850307
947728
430153
262703
919262
259550
651089
436629
847034
498345
947859
320219
957491
850937
425325
356779
14956
230840
674873
51965
863107
190683
246455
530806
404012
578095
280034
585537
628245
533058
902169
20763
997357
87105
738984
559941
326952
376763
241788
741442
61016
113025
814176
28456
699669
36400
585859
485768
78605
141106
47169
93365
798114
732645
286432
682426
106528
183028
572048
761723
897851
555423
244885
706961
361685
411917
919061
965089
781162
461783
758808
574821
698137
326922
694143
788506
503002
290017
185045
282528
304430
446952
225815
641930
442125
172237
306647
986534
26420
888846
276914
171436
172258
603462
388163
970725
150208
44625
879799
498446
208016
553402
850647
802921
990640
624811
723819
361556
123549
644417
870985
261826
706093
570559
72376
815435
794506
232455
843538
572310
798901
528525
276744
711199
215904
605147
319093
105983
322710
83908
441037
699064
439121
983846
554675
975617
922705
791311
807260
473351
844179
899654
189099
985926
243558
841575
647296
215793
137533
359447
382448
778426
191518
724695
206339
123754
511520
759804
793047
727808
511624
419769
32425
246134
680493
477452
674304
817611
591772
510994
864050
180920
118973
398393
635929
907410
447148
252139
818382
231971
45868
271660
352001
327300
372233
941034
783275
938869
370691
7249
163680
157000
84315
910932
434166
408320
231661
978281
372701
787897
287095
190244
79372
802260
253263
97116
441324
338663
571490
808975
128421
544432
276357
327130
479956
867619
492277
417500
423266
308104
110900
303253
837563
221787
844427
747215
562981
140498
872261
687928
61597
679665
85910
493833
361580
796173
261476
739818
328468
119625
744056
777221
736865
477972
886871
823834
13037
421621
368643
985976
882466
79848
673817
179703
820510
482952
300034
826523
370229
703621
644185
379407
219938
666039
593288
496642
980405
270106
484084
498008
905786
255013
654060
649133
691433
346745
13988
742941
163461
628625
190897
776607
708573
838978
153486
239936
108573
593559
252192
452973
682323
235921
570974
279662
261960
864540
381991
152383
491450
891304
684115
966044
290200
298753
942894
773730
886829
880256
152933
395240
53500
377489
784812
811755
385415
807705
481331
316499
510576
568531
397107
760660
913841
779783
778679
833529
771208
343356
508983
219668
205217
750246
464834
104220
4073
229955
970804
501362
406019
420510
398240
432864
886705
213634
659305
682410
439268
434682
544486
507529
654292
313875
399677
903040
693743
756817
121308
358634
799543
364695
191731
409321
476491
657526
113271
689573
597170
300794
451684
175749
113012
640128
605971
560975
900683
995993
529057
691721
80279
439457
734090
265999
182430
925563
397095
493941
479935
177001
942848
195584
22984
522699
633751
734856
739185
274636
564486
157569
463707
287790
422964
73688
106608
172118
248961
856182
949040
863092
307401
782586
713923
344727
739003
177651
400714
831913
995832
714875
93456
139971
97216
875240
868200
107616
950526
434655
292291
146525
742359
641042
740340
98962
846160
196303
588152
3192
415672
712980
512578
981513
357593
675279
536174
147182
489654
583847
637429
273293
233061
463325
675974
464948
404674
14537
143979
958738
489519
557278
97451
204724
424546
111819
884049
417359
211690
54276
20688
885893
609239
164922
327892
22039
775115
123686
621159
399599
810705
106390
863402
49291
886793
659923
700182
94214
938245
609754
861894
151209
621383
196603
167624
752163
458097
192687
250633
679625
240162
1092
292818
809727
879018
786712
860014
459451
413203
911475
212549
346525
231846
591760
357125
150904
131817
444737
356418
978947
856090
434865
210008
910827
565070
722145
961417
195895
143020
988761
468574
504517
961834
432086
195361
141650
710098
642239
301360
501501
829734
63552
368457
348287
875331
845719
105573
837972
66817
490449
803833
336665
58770
234082
747483
298495
528420
121046
563038
876016
729061
545604
110759
820806
546058
920954
292849
458361
28264
476841
689552
636727
713382
133703
541903
11479
498690
138704
593969
616538
357092
226587
816973
187607
992332
318602
812500
738263
537285
340747
31434
645569
513988
756714
807118
386848
843882
704141
389676
666690
475620
223226
370593
474921
37514
700639
672100
209366
225068
562104
946761
596745
987623
231187
490485
325900
644376
683289
19031
844836
287899
706509
114230
856102
509313
343812
706293
107703
85623
544449
150271
161037
213096
294573
531977
130607
101487
952214
464855
765419
912162
133968
819415
796899
588625
503954
108583
464548
541552
940886
783127
793647
392475
176519
311813
761062
513263
237696
52895
818047
526537
443168
302978
898721
907111
352345
200488
882823
50193
54881
698600
837317
191038
976421
7601
57730
395209
492061
241766
390337
697777
706498
205886
225741
273749
453695
163248
802305
216739
921083
21483
970431
812309
699137
193405
81110
538152
6287
484227
347208
967198
884969
716890
141016
732115
273334
242731
571763
5610
387518
343646
358063
789896
141805
908589
596346
540206
286637
110810
99516
952694
751273
506208
11823
805787
586593
971510
685349
614887
640555
885612
594045
337847
213023
894222
612801
943804
228647
105454
355669
458436
841234
584157
28113
296640
734850
409769
997222
663107
254400
878325
948646
529493
977996
479602
10604
142021
217379
792101
233503
613304
280907
292285
231353
120679
709813
269
240894
440586
182634
190304
257707
348154
956974
35078
47834
335683
866516
617590
468596
732131
437470
162674
999794
814514
244124
932016
586177
160888
935086
638574
106725
376685
152192
364506
288920
57337
22115
831611
995888
154903
96572
962185
221121
1933
472991
128277
874990
613517
994557
641785
141077
806460
696286
626027
134291
242320
317275
376990
978491
943601
390424
998501
480716
401490
420957
907629
330840
531314
338183
373154
270646
5304
586606
853400
170834
985940
230435
726470
704476
637854
745435
336289
756787
362196
298232
17821
992707
45754
552117
373622
62441
772964
594257
578734
961600
735302
142769
659578
756077
628496
898768
386559
421991
139789
693801
710351
994796
715596
814596
694639
154866
814152
925538
767437
671889
688904
561546
612137
444284
125130
726122
371992
864661
189592
307965
941614
83049
24907
999012
389543
503359
562889
232402
610014
628336
120312
401519
807543
489205
886464
86848
674189
944667
813972
441696
697206
180763
649342
976760
378096
519733
247563
222895
37682
265111
592157
725196
810372
744419
809705
710824
434908
26334
732362
162838
946579
894667
758636
858408
761048
741438
363153
743804
166806
270516
336047
240706
670295
784360
869391
925183
860129
180843
642591
147164
976138
132041
124032
807054
229572
634437
919529
568257
284793
520776
832072
631304
40769
850954
713408
348
378594
153971
888588
695157
36300
497735
2686
598884
55687
330029
44539
898956
321470
827023
983309
134781
126861
586846
107849
448981
556664
320147
385184
521320
2920
498865
377061
972872
255184
638388
548747
457210
87203
300208
88351
85826
963632
777470
495256
322603
322191
610229
136229
559759
371715
366457
514623
746876
622468
300510
281623
38850
844447
939310
449075
198021
806191
489968
996550
477274
756681
85668
61227
486468
949684
402434
614865
27052
988295
79874
153411
572114
631830
30956
46023
732947
68839
520022
135676
899779
157181
499702
775723
184966
667779
117422
682798
589574
117724
870417
578621
851689
343776
133512
621448
18263
805317
27872
805924
131193
389034
960813
680790
837926
914441
710248
253284
330568
583130
657549
644721
919131
210965
382638
571689
493065
599229
660101
651116
322954
64438
93010
542711
524575
837640
539711
598226
852912
270331
821884
53660
835089
299983
244204
21318
337690
977375
436900
12049
333262
59754
526158
559856
410494
981968
66330
486265
65241
410690
51026
276966
736369
883229
778555
30915
431431
199619
111012
968013
142866
470149
425338
913288
884400
365783
666979
894400
460915
416827
553939
391536
938208
886255
935810
171427
182211
665706
277103
330948
208543
327898
338460
280993
928240
954720
829719
468348
766785
630017
677804
457686
224084
260547
285349
826535
445388
924032
760631
450356
470599
208900
508838
57553
619931
2969
274209
725808
286300
301370
394119
181501
123649
75996
67177
208127
697480
583448
623035
844237
553061
671372
902891
396239
260323
685604
918895
236214
700714
186145
278850
757321
464453
622769
20062
700236
272030
508050
985561
467194
531002
794226
643663
694389
457364
194477
126690
282194
441049
531297
279665
507452
286103
19647
707104
319468
440294
928253
968391
54420
485543
980429
668307
626669
961295
920751
808241
808600
855009
329649
298591
22610
541180
700036
554015
845971
405414
222906
879852
187109
449408
60306
562018
900280
66612
96953
622880
632380
825719
825436
485328
11983
175406
725665
187089
545988
909893
345007
266084
121594
429862
868475
705053
972156
925600
200817
996044
196730
468511
706720
474926
259571
143594
379429
441337
615791
956579
294284
379638
932916
696519
550635
144753
234930
464109
891505
2637
816467
768237
880952
867049
530177
464236
301579
139192
577879
21818
823278
206536
63968
257691
318702
124187
20997
741415
517233
123887
996860
522813
19162
976253
429617
23705
89973
861422
194328
781015
177649
132564
488550
680831
347163
767885
635036
518073
476363
217056
908946
701095
515787
43852
675937
841688
126125
195293
195140
833589
295072
637131
707644
237852
324881
38593
536539
885577
519710
715070
153876
615512
292064
589278
146945
604202
490460
941348
28039
303278
756027
294185
890155
4291
379311
202675
193785
898213
610131
709629
211300
6800
173638
842816
795769
310537
353600
141252
738763
565735
188234
849900
116498
98972
231469
709636
312702
622770
766429
395108
974132
931193
575204
437281
121008
401954
262604
143594
519224
347425
417580
72490
424078
703264
194716
391943
241647
962986
83013
221443
631363
48838
32360
662133
940570
57135
530782
479935
89062
603163
387164
266265
957522
827203
837276
356191
753707
770727
680031
625889
246679
461444
440328
351730
371898
5682
130542
588564
796777
459800
186479
821326
510005
285683
367912
313506
46208
320596
19351
458637
920470
829679
979563
110437
513810
355506
205353
917976
413989
477281
288301
780951
349676
558232
63817
659276
334789
489116
270160
327762
151307
786303
602933
896396
740796
459922
442141
645472
252267
433539
716081
87070
707040
234106
171972
501415
30172
473369
974059
668694
814256
436884
264276
40848
573087
395676
430641
308595
504807
417617
377173
483378
631837
506827
350522
136280
204268
243856
427356
838605
883220
418523
70901
233391
582197
165118
93366
273815
445278
900740
528532
437340
417756
842407
517090
532548
544480
856672
991143
513610
314000
328350
222886
615304
24684
926970
334673
786276
495248
602759
401008
639365
920347
34283
592787
344831
37175
989712
66297
254815
523849
527799
118617
73271
787316
899803
988450
275345
772243
177643
720860
681268
246959
398198
194235
899733
494167
271320
596115
10859
846621
17564
325405
29672
946359
60580
808857
846757
944420
643265
408403
953659
258281
688056
517392
750372
654563
212504
473567
8753
863882
976441
770597
798789
187275
438852
21313
86881
610537
252003
211512
454711
400257
836962
57702
191348
639497
165094
332215
395630
201689
117568
365584
49014
462728
890347
40562
283037
490107
293234
882118
709839
302752
833667
948610
946869
204408
400636
659336
627352
734940
418572
889733
928237
545282
367641
858135
293476
328304
979797
991874
710694
785793
279378
801685
723034
402580
236787
540691
837931
700906
777739
844554
14451
972179
902406
497668
959187
950155
963761
693147
298650
181637
711487
537914
618332
601330
533612
133454
360183
772624
403475
325477
907829
192129
69184
85513
649445
819442
44287
592899
440202
554496
426326
895942
56176
50084
159970
780892
728000
455347
795340
444580
793690
416458
714070
1862
762672
134159
285488
364449
922950
723348
241854
577925
753876
50821
232366
912308
77102
269809
894385
354065
913711
118931
674961
306941
676121
572816
535591
241764
949043
259052
819089
67258
998480
662099
974497
681717
870098
278146
257231
836475
531462
453516
398565
438829
547665
310960
940252
644419
213104
760175
242708
173568
814
310385
812472
805466
606602
818320
823770
399056
719354
499200
254742
622752
676779
203355
508167
777300
439132
235366
203452
737961
114176
851330
554657
641947
376720
605118
287488
982719
482895
192020
453373
288611
837220
525304
650711
88246
108010
802602
574665
692356
749768
940086
541941
646604
175773
676873
524112
869523
719123
690624
616811
562188
376203
370161
568703
441446
241392
630416
429801
143095
980269
422187
770371
676208
807303
688159
691848
87023
532204
770465
851533
253057
965386
901813
538356
320704
653402
28521
617517
360919
303728
296752
984853
947910
124219
61757
246484
875855
154872
172171
875981
538856
46889
189342
838380
515760
207878
512225
485503
906560
617558
990509
899828
167623
384011
563059
507925
370853
990515
940250
404880
6473
376400
570190
943082
421289
718626
508734
589439
487988
910177
226471
117375
344686
418236
400812
261126
126308
416414
726178
723620
898564
634949
589581
334606
202501
525171
758860
715525
642655
102421
569668
892821
545698
267957
416942
260703
66874
576808
268896
533331
640097
918652
811726
257547
523540
740286
847281
962590
76109
286624
888727
799485
927282
259417
726206
550240
319172
829953
425740
465651
635636
608779
705299
110864
644705
19536
870330
206738
385875
257672
834888
870406
891242
746512
942306
58312
732735
515834
30787
557565
316184
630522
589642
480257
697179
657392
831297
57520
610198
904615
411187
326011
806952
446237
414817
352192
115137
434983
289252
646602
679119
111353
83725
487836
279180
114009
622381
405288
188735
714846
261989
404152
550803
360503
465472
989078
137594
473896
950383
809178
954348
733099
340925
311706
594456
121575
310660
134874
139899
646442
716820
563703
93075
442113
873722
536271
167468
623045
700594
940529
954891
508589
63754
204807
387238
547526
543081
249670
400425
507640
318043
113676
126161
821616
191987
694804
940247
684
914276
916146
856567
513416
405406
365041
543460
136064
730500
142398
660985
880084
798770
680628
603992
423353
331159
307825
319087
454170
897997
920940
110463
824901
694784
544146
195010
423784
366443
883779
338883
619531
158099
553059
432308
326983
406940
582519
455615
249763
113139
526945
889562
387913
288747
849672
626571
737400
753462
353936
130168
201602
704644
941356
381778
795396
917691
835967
162355
752366
623970
170156
671457
809406
367432
711507
283867
113397
517395
908298
203007
350539
655399
689954
910931
173752
859988
129619
367109
924526
64834
705206
728255
141422
531522
214915
438680
801698
767439
664544
41568
53596
402689
440707
796925
457897
165796
165363
754254
493266
977037
316506
131581
547953
857385
440838
871125
993298
553502
826253
737424
400984
175055
30130
314976
47484
384501
803671
88432
31594
228234
106256
39233
360536
88955
573140
601909
383270
723495
976638
280260
327890
895528
526737
160548
976368
701529
930960
125396
398072
406589
637025
107645
525711
661780
647594
312201
895609
599330
76506
31437
363088
388539
669825
283102
679808
842035
710297
422184
945739
725603
929830
790976
509634
295566
393428
119443
387534
987831
457334
264493
198836
943630
184302
822799
804666
855772
540344
254109
171492
321546
850888
850082
369561
741885
517603
871263
863337
825987
16150
752950
607839
241436
21325
643960
863393
71145
202017
122804
433425
812256
453082
410562
63357
37872
868152
522845
323594
278657
489565
545949
487062
806276
680235
739332
869714
575307
706784
18650
167866
715121
264408
403669
782974
882153
257236
565967
261183
797659
190580
955738
868112
34317
964959
239202
827566
245954
279074
436746
478157
354045
978470
305644
48903
720507
271815
266181
852377
853629
756916
472734
490106
675557
873839
469068
862318
171907
214527
198558
28412
759392
789220
852176
242478
351573
178396
988025
96721
461190
166449
599473
326455
959740
10433
544731
707313
184790
757945
610283
415587
220987
153006
471887
213708
928188
270326
343103
266425
195186
231389
163142
208773
822964
52544
355408
121182
904737
461724
758483
21296
983261
801461
167232
753176
899231
542349
907425
814008
99056
543021
868032
360756
642422
725203
654632
777815
122352
44519
432861
731023
544611
479385
603950
761828
673025
810259
59868
514944
894231
136846
717296
931212
627612
363077
509673
988282
138236
236896
170481
267765
406640
121269
621847
844244
875742
557208
243799
206171
80364
710498
830434
456984
88698
573200
270138
380040
985257
833084
239607
340645
395034
157011
256338
868260
193255
286073
255952
658679
139540
847612
797577
30827
979430
938696
532687
773332
619525
451746
940936
280026
720167
401633
808251
21688
18529
804248
607973
885873
103014
284709
194986
427746
433454
213756
187258
514238
320925
33936
889686
237708
635432
983336
615565
256730
467636
644453
322964
492562
147338
198369
454463
315435
679035
756684
682506
374787
185298
559891
720464
684055
555242
794461
102030
806242
3145
26208
18497
436552
355836
382549
162946
402736
806740
446416
915051
449109
338964
529424
814234
286595
638429
677043
81755
97125
901937
312175
441118
561549
390953
155435
660398
415136
957553
988043
383162
438069
667109
271187
99578
937082
586583
735135
754058
661605
836439
186898
268952
488441
237904
995714
319366
230375
35158
831520
603247
333982
826357
509072
72324
724101
286572
323900
683794
189592
60442
195780
617507
25101
585645
935596
811457
320885
904798
178753
125012
984869
170141
706268
40640
275033
418866
992866
611795
197126
213835
452276
822351
565435
898453
389429
300879
252029
2410
775268
665027
66132
236626
558597
844881
638792
571887
844273
898799
714405
890684
514457
137841
958941
108285
931502
847536
84088
291253
547411
651781
953552
200128
958700
376990
209469
405909
457229
80958
280263
752066
395210
823268
461818
229372
574413
781790
665242
107206
547301
812345
940383
596623
192214
495272
970948
359866
183275
669399
636292
440381
80267
356770
148073
749519
512914
25685
346147
447096
689978
62075
227331
245725
155829
195960
302003
493256
761808
182142
206118
830914
117305
830974
306279
700869
844113
825490
387324
795673
886221
248201
713669
812659
181
612108
129533
266223
463456
387935
630637
504617
432829
579336
461609
233823
266912
809846
456795
946470
54698
432864
788096
697502
290943
32552
680612
370444
572359
894348
604976
512604
331022
680997
987302
457202
898314
141160
141942
621932
768335
215513
9926
804276
958033
576916
345483
387372
819880
579203
815272
827635
201959
31231
835540
309557
414381
295607
437475
78025
65068
462198
415852
465031
606007
913896
814113
202484
694651
879517
90136
457544
808341
439943
591121
528608
889534
791680
27114
967365
189804
195434
585709
681223
564086
806556
782166
97011
12870
403256
509283
483536
126963
565850
566628
708449
294085
565507
376333
843400
444054
762056
145616
451055
850996
245186
875294
419773
1667
490199
641628
422303
978917
296549
331635
861510
669809
122450
203731
288505
499814
733223
269233
416703
601692
125311
248669
910920
968022
134213
773954
103901
120353
93055
622153
109744
820708
4729
982513
283764
785189
234503
924062
822582
98903
656708
655341
500409
884866
531392
427096
997630
931771
800386
354351
494442
842499
137689
571015
745653
29330
125716
134416
23357
235224
515503
587305
439391
341451
818653
958162
634695
987630
2458
17390
773525
843856
886234
993165
401076
530746
675339
974671
198697
882820
91993
297108
409918
279513
940275
735489
346903
528915
195739
335397
764676
665405
808532
213623
213536
730059
374270
843697
143339
10231
538335
881918
12042
456273
259941
142383
782679
420299
384749
974407
570460
697088
871459
713733
630302
113835
353074
681453
544382
266001
872005
999743
503913
465950
259722
239412
62953
942489
88794
987238
104090
754596
638647
340400
713763
874270
935703
37686
6806
104459
66826
889234
412837
905546
572187
13146
229408
519362
682173
729362
68138
604696
626268
847816
209067
179446
295935
704909
115219
795080
634682
64855
684565
321711
773854
252704
546630
410903
407317
854591
273710
91439
712932
732694
703722
239692
742575
210307
654637
562095
275999
352059
560869
459046
281708
514874
717903
597545
835030
879319
65271
569026
408772
12773
406135
981456
745514
647193
12051
387936
97748
989440
215372
218771
742286
737920
191708
301189
143885
578373
454076
270250
358700
824054
573018
621727
115661
242498
235077
73340
840111
775861
916760
259685
76533
980528
626416
551377
811256
660065
944711
92798
785944
704962
570275
171704
907174
597513
743085
600306
528713
80710
855472
182097
811935
61443
5004
107216
710865
579029
794244
19602
544353
858247
8283
553041
487160
861956
4544
247326
809508
206900
355662
398285
802241
352139
884526
754065
919321
907505
246168
517856
669130
901179
122238
27624
511577
62984
280390
354586
701278
943383
401772
561692
628025
80508
28930
104354
663035
530189
579520
734186
61727
270708
716783
573617
966665
974192
50404
993206
232374
575991
989216
417482
341298
670232
293644
931029
33093
298655
931891
112592
521474
454981
439659
792625
441563
11759
30253
4688
160199
948669
645923
160337
944935
321203
971881
935490
133119
28839
308861
627159
175201
269670
501084
601658
122844
532276
285611
504759
474091
541447
746338
182030
764628
342099
618785
805342
760717
275652
422582
19204
110633
781093
867325
521409
200023
129075
184141
459146
402327
88214
258682
102503
697141
833419
325102
28717
21155
81724
89420
36654
273110
463283
147481
999994
418941
996671
988219
307764
99913
422223
341051
843929
431473
390248
383494
724087
797600
498433
171148
737963
969946
802820
870756
274387
485018
557486
281951
696345
745056
414104
610637
299449
480600
284362
405918
608016
480794
52829
591697
789775
673020
51731
847341
362932
241471
883968
47840
644401
804084
371336
124630
599273
232063
810623
551325
563849
331843
681603
981863
158729
617211
54002
469079
244125
837707
832815
957535
890548
343252
861295
970782
592400
649141
901400
647271
204484
846448
619072
367185
855443
797274
516951
96213
890855
896934
235138
484139
24671
157739
275444
726904
697335
665712
156080
636686
424343
831960
941058
919787
549327
782072
745927
507560
824046
418642
407079
385353
358490
376740
145899
256832
623269
847663
696586
772155
248409
860849
230077
193778
314963
36674
275099
742109
25039
858978
367319
746568
452380
81528
209040
886824
244675
210515
814637
195742
971016
700852
247120
517673
83130
308147
704840
584741
616409
286854
736353
632818
974497
315102
70013
670901
978157
280612
162382
247222
42009
320506
223982
313896
129294
721298
137870
754419
429213
914283
771886
643358
266258
838114
710110
956453
465303
110037
364683
471249
745235
814504
225453
862859
177819
481330
946385
77346
479087
203515
390097
651855
38663
486523
189723
774327
241709
150009
983863
872589
316374
909584
370899
377371
531658
491161
402396
619126
688664
119896
67197
293747
956892
552543
804682
634657
205746
782019
935477
798458
153695
822903
970283
546772
152327
743875
844342
568193
217499
910629
609393
84497
694666
217156
432176
73670
130556
601592
142050
101231
365278
174667
809438
963956
122326
93985
853616
89028
892601
709820
920323
604340
147740
982379
929677
723963
611167
742562
393987
750447
953875
580320
633056
420768
326847
765871
838735
386150
995568
495411
722596
510446
427598
605826
296076
433191
311903
155525
11397
407448
828418
644784
639136
110090
135480
354623
263101
992882
853973
502890
89092
915166
497813
711066
399883
133654
636064
620620
725295
660780
427186
974217
49188
863570
148124
405887
879738
318883
679123
837694
566162
511842
822944
986673
473369
827659
709778
387571
35925
106536
766291
475201
296861
341616
497535
372457
351321
572009
605913
322609
342259
132779
339330
71939
433280
681989
443667
388624
767130
369219
603415
8110
879290
724393
19702
892939
198190
52119
796021
252099
503174
891402
512099
398996
203129
306717
120159
197213
507687
70781
67717
465200
482768
968745
958314
46731
920557
477567
82721
42168
898618
796379
214916
851804
814543
951938
36027
951142
908062
446516
989647
123743
470902
412079
160020
590034
819998
831836
152398
666319
964439
897399
616497
36074
112845
448812
815348
102430
609337
867795
840314
253745
180849
928529
741034
329238
854435
395345
430363
383649
651880
128602
813223
720419
367748
481178
653678
104109
968334
247788
515267
648647
444231
319245
359576
34379
886897
592602
612250
401924
700203
2068
826627
531234
701666
377634
551950
368444
905116
704689
618006
829211
290751
541511
473142
343861
438431
611402
148389
310333
220441
755275
721372
911944
29383
499752
69182
58117
502037
878403
758932
38178
897344
490473
428680
372483
534211
752638
466330
83786
475520
832894
371942
676204
997881
487917
63275
741445
152320
991705
617563
174185
241571
906089
175451
688150
43490
470655
302431
986284
477803
996164
262187
584137
410118
121920
775103
662771
653454
92737
258440
369818
332570
1182
133484
149349
230950
982351
927297
824211
624295
438681
17358
657440
375558
626011
987016
116360
724008
61387
182049
88402
36308
266544
560770
504285
555549
748596
580071
547909
266820
821817
864881
199028
92819
2624
260199
42434
523387
812210
211808
308097
680303
409308
302229
758605
145427
224870
229347
7793
870249
980635
301453
579235
189209
762606
840769
670081
545316
775317
13430
235292
264926
835615
55285
666459
102336
951764
861681
33980
617522
329572
636909
277802
577079
534269
829714
13710
460490
730355
867362
600147
360807
884003
905764
657117
44614
45876
394465
877631
173797
111863
614
212001
27813
829528
100711
163993
728707
75034
609401
171441
723947
920910
444251
974033
232079
747637
876793
619160
155408
698592
73165
319827
570111
565993
888449
712727
878871
944617
527406
818986
690999
504319
685008
756843
231954
400315
24567
379012
452249
269357
692263
722555
493507
339687
285264
985199
10892
578710
307011
919926
988006
798777
354019
464472
222610
925303
52972
720133
54043
964093
617390
621111
365974
659578
494374
477749
230684
258302
560225
433343
207958
168421
914727
415957
138485
810223
569446
54236
197211
423000
140054
876902
390604
579707
62571
513039
262166
195409
72246
495660
803506
909659
641835
443623
692767
352285
736516
185635
974507
283053
131669
403069
225102
434090
320631
49440
832351
464701
10398
74728
379935
792658
18809
688823
787366
9012
795119
759494
405765
380250
225302
250910
359305
170517
673321
734661
215070
516166
575346
319718
905569
46775
160949
163225
340960
260962
509105
90729
253589
572070
481112
157986
235895
121094
361507
47033
343190
743001
533059
384850
918059
466272
717257
297593
796154
294822
82592
685847
343469
296310
661277
390302
538620
284491
920697
461509
619227
52894
151221
567009
944515
668634
539609
563186
444048
477604
524818
832746
190463
720136
820890
289178
154662
236094
752300
513092
947081
625196
407235
455361
728097
334515
755903
734152
409092
2639
232843
118737
62539
679535
577315
350619
971486
927885
784488
224738
713291
457516
302859
51419
130904
815939
575531
399021
61637
301260
380532
351288
942927
739440
504175
981232
634576
947739
174642
194661
131903
810527
484221
425008
399493
918038
129700
10315
279459
884445
222956
127152
277328
511199
219795
397237
581453
391892
448206
991600
419421
230666
38401
703456
43105
612595
229139
338698
974816
331046
507085
974123
291915
901428
642259
6310
771763
657650
342414
4769
96308
352843
449155
869603
919126
500807
675328
183791
90227
571793
720081
966821
161242
794921
417296
280355
184418
609611
576228
49702
826274
236695
145266
559596
699588
471435
511255
821812
624355
554973
733299
260113
991085
707468
936133
522644
628259
568717
840681
230899
65791
705194
805987
663895
392985
748387
527415
283324
58059
588701
34595
47599
562797
55112
493457
420689
984607
342771
22134
340664
304121
691377
595776
130262
564895
276414
151828
760903
921460
539650
477061
542094
737016
719704
760812
125312
680527
793003
741481
365760
965452
482516
362079
288692
999266
873221
685944
590278
501375
529098
829995
96095
953500
872987
478764
530881
710697
470239
239178
256092
713294
757734
887215
549097
412986
3489
554170
284950
777277
472736
83698
357200
959457
23631
891769
34152
508006
675720
531075
277505
616491
125548
662297
217954
97584
201399
166047
998976
622049
829131
707459
305053
542967
312544
529600
708359
231320
857052
533523
574962
10816
481719
861078
195269
409912
408296
784591
766206
296010
965993
390237
656713
910371
445193
721515
91869
20497
80766
429382
742076
753904
995547
172752
840389
151152
42682
272623
918729
749456
58141
439475
984245
515058
501446
262343
660908
841130
216149
843785
650844
817252
810220
528017
626414
176355
462488
128922
150007
336936
62181
34124
362191
940916
542817
549129
810140
510185
309068
249975
671590
487285
617342
314038
994441
253524
904255
606278
215460
680067
939159
918740
891061
165165
15413
619540
285259
880177
396524
402065
11036
986126
268740
249718
220872
625480
805448
636018
380420
14174
605329
48848
690261
876554
678078
823910
453753
934406
753273
761430
800404
172451
664260
31996
391665
977088
698627
63757
155265
228786
599783
467622
980085
78353
782993
849298
425418
205482
580235
385043
672554
740725
442242
549421
897440
568081
611632
638882
322325
994143
889669
61110
839490
525907
790913
426606
231392
84761
476683
388151
620954
29264
187149
229796
37593
146542
405664
236093
54039
603430
462196
869629
279428
560154
659734
549022
550296
918544
158319
731249
379755
232602
890271
209340
793829
693481
310330
474231
84885
375211
321585
252283
211844
141112
221752
616416
940531
2170
819400
969488
896200
681235
606456
721713
838294
34503
246879
974847
531425
636535
440353
931326
695151
630909
169146
705089
988472
647416
574939
836149
274423
509099
370679
776346
629205
438244
70418
476828
46892
682025
163187
949760
463601
226608
382467
125283
163701
324428
631011
29204
325527
640025
348597
759344
531799
151374
590450
674659
918591
911239
273418
275572
890026
209966
685955
175330
226810
983126
411037
377074
771720
336224
565944
975286
247091
790937
252678
454983
116975
417484
926813
988740
433571
484650
109597
668288
273703
963932
212078
95983
977037
996683
166763
332689
877
133165
954911
438310
148870
750420
22949
369603
464193
979556
746207
568584
484850
735098
388297
193652
627036
869475
940607
115497
129137
313894
588437
651384
304493
461893
276246
336133
505217
54811
931944
659738
11454
288763
435095
890278
740257
216537
67201
342368
529134
863084
473967
24921
589237
168748
231756
282268
942186
323478
129375
610248
434816
913470
644754
860626
499799
264071
393423
815986
306246
241012
86906
649819
306379
360201
50237
359714
309478
648576
702281
431244
203146
710299
524066
759283
629843
940801
269171
678926
2613
234915
392426
585647
488030
654946
327828
389331
898500
373322
219925
273829
852649
705344
895396
810968
283777
169331
345506
457752
14046
508018
15534
743089
494329
943723
840486
288779
675387
555396
841680
755047
755734
65688
551131
35037
855350
516741
313837
511373
466404
92622
729334
73040
100581
278711
180298
783047
676344
63382
349058
96757
814815
347964
348043
185980
709903
879535
579152
633016
899908
80674
141694
253677
871350
558031
666134
552364
779215
742561
932613
890951
597342
335810
562161
521890
180856
847595
768507
862985
719659
220305
101417
321668
170090
152111
50825
713220
437761
292620
414169
534669
944662
497791
760435
236291
70296
927341
621613
118521
802230
278524
552781
387490
255450
187143
637249
985125
970709
335749
224881
60095
183676
275417
744395
431782
114543
535225
213136
256522
931824
98273
858968
990779
653154
857367
476757
832838
266781
128730
831554
358589
113616
786849
14588
326081
600187
515152
53005
941935
383934
125685
816834
1548
995884
953512
994082
5187
716199
398596
911187
429940
704883
612713
347270
355614
162283
701787
760748
259247
305996
31494
290978
20993
507800
458682
637197
307827
239636
105378
870524
61043
732033
725488
807430
458739
96567
952330
935299
328794
174057
20531
66652
888003
675366
57381
587704
579013
862051
312925
747219
562465
780130
383409
107712
701618
344288
682149
211131
922808
56368
667836
840103
68839
471665
81948
394869
241027
976173
427439
15405
655166
230215
569125
85873
498065
260240
4092
764281
798177
762135
32864
665116
541345
139975
612301
378216
4392
224957
638000
885604
569197
251954
515803
161140
565533
275987
476131
690364
935364
249541
652648
921045
903718
280734
109144
212761
195975
166209
51488
887918
259814
50487
594370
243986
769555
726836
449248
633218
22897
13076
853506
183884
304389
797331
379491
164450
332219
735610
879123
189692
440234
32729
893595
631060
262994
284652
141208
619303
159615
157291
877192
195410
267873
435448
109621
274926
514294
778886
723262
882300
149267
105142
612796
519763
989846
388601
626055
419060
644373
381861
589628
38630
494220
566159
603925
774200
715346
495527
517807
873903
442108
60128
347584
87162
334173
115478
240996
402821
365023
239172
521156
326937
356300
290603
195133
850858
403664
434718
958517
836902
991926
930989
874338
132810
204558
785639
769849
200456
592498
451760
221463
997175
215629
892794
689721
27939
799004
557874
232095
949638
856494
37922
461793
67928
951225
156217
555542
49249
282830
793618
198848
208867
841449
922813
749521
384437
25118
274540
404050
143325
131297
31278
687652
485070
258327
210671
701309
493993
395918
456954
800958
721096
810855
206527
581779
766783
489746
518134
698389
489410
610530
655635
701737
592277
218471
299330
937912
201095
128229
860686
629743
352470
767242
326163
38242
118403
901978
238695
275751
831637
995259
159474
274976
946813
279699
923619
489662
102324
106017
711216
214668
692054
354009
535837
497217
228820
745708
793399
247965
65963
234784
228254
486974
622206
441276
784791
109158
858062
294040
41654
675192
719200
34638
860625
491368
673411
507729
135015
116584
909200
663326
732273
673873
159584
926461
134636
540635
256174
745720
70280
392646
112573
869865
501742
834459
804536
519311
406367
176500
284418
980252
537654
346039
855123
372241
521711
4644
477063
47596
400990
669197
320996
213639
182602
752847
911425
403398
443822
723065
24772
267952
48881
484926
633818
867360
299848
301487
1740
449739
554723
586270
295437
590524
659529
913427
893229
305519
294103
352911
103163
222712
387242
798297
473349
672008
835577
240361
880187
207180
152113
476211
862473
340417
997757
770387
708431
458556
327529
437903
562719
45116
662791
653056
181825
991792
610503
703475
582516
954600
734123
956608
938744
734394
290793
176399
632194
968374
90960
967772
751016
695886
926475
357235
462863
221890
710306
625118
917267
390799
589496
779667
46290
538590
950798
544370
700383
440736
334309
700052
96089
916144
932133
797642
381281
799314
107874
395940
1276
849441
468995
273261
79809
34353
908759
941169
11306
686375
113052
658421
370132
35468
810474
302689
525768
741077
378931
741518
745344
461823
796272
755194
93730
708706
209131
104096
744757
843006
730416
74825
488132
62165
31447
450187
865102
333967
988862
531297
621275
832894
57701
387613
734628
95105
577176
351962
260905
540287
18957
698664
880231
375571
51265
735029
875868
825521
941239
259361
861803
315737
883336
40593
311235
767672
229725
232974
562612
868613
48553
480029
786011
400681
429238
664596
48752
621507
122067
784687
664756
704257
799930
281530
371804
123722
298990
877729
901454
533745
323414
865765
73751
875198
337149
750927
683294
234697
903002
946228
104909
194180
444635
679476
189337
994774
142705
520722
738816
702534
154418
889259
551098
549184
391140
571603
300303
264701
362499
320510
713592
119621
276775
864058
10846
271420
958163
433173
285276
207708
110024
624219
852213
826124
500994
595879
619739
343458
652665
726714
25332
540499
288906
991058
739013
486943
710111
160636
642677
389729
327996
762848
601620
116637
458938
371203
964301
707093
182759
334162
614697
902260
788433
829223
548793
481278
810605
469786
360724
234302
149700
38650
447238
248228
536231
268781
359455
187035
944607
525545
858812
929009
232834
557603
237996
510180
263757
167185
711974
640772
938374
313952
742701
370326
574975
157668
930077
255193
467440
532
998977
977641
612137
8187
145468
352578
511006
361573
748701
896208
972863
173552
112225
121091
161592
487694
237190
749108
641955
75137
386533
126296
338012
130589
583951
190257
47914
427171
668694
370485
620231
421960
113294
627568
12075
171224
133806
72537
170445
515458
495400
664952
411243
776105
302216
814196
606240
934322
88710
880900
723529
10721
531011
928590
278373
106408
400219
703423
5238
717518
286265
925621
426997
838771
20112
860566
295190
56127
184448
414397
186404
543600
356599
2744
439705
652538
930680
577603
332047
756122
191361
955766
511966
251415
210305
152033
117403
594747
792562
693951
832180
685696
627168
692144
316437
103800
359595
264645
351113
951487
972225
350647
559748
989021
265886
527172
132725
36664
203768
422385
162372
815771
816148
948589
666102
749212
925597
482927
453924
129705
914243
503022
381214
971338
149384
803517
673397
680348
757765
428805
378910
258306
788296
535640
510890
397581
805901
40467
829521
237037
914403
711943
735755
702009
561362
653231
960339
837463
631750
984770
651332
893753
299763
62007
141779
730628
133257
797794
58748
251112
36669
322301
310395
588425
444555
390754
870177
879190
955788
304435
293013
68019
259100
557472
444878
72774
752198
998175
759665
660590
929635
455060
9812
374568
845687
763909
352454
586275
159153
109403
619786
185147
565333
908466
607791
872182
35577
675805
589353
491680
475917
867645
414713
811363
765212
519346
447851
536484
195204
76105
640625
542735
686445
66820
449154
301828
748745
835045
772605
377924
430874
445992
195726
794800
291165
54095
498294
498799
453005
443692
56387
323795
11327
839827
377747
102440
60571
547257
776575
751957
471151
93731
620797
843297
880972
766335
862358
671080
67738
383364
337083
826705
671102
996747
862848
245782
495182
601010
40733
292370
16021
566657
424167
280057
100755
19059
53872
56445
925702
815280
780348
894722
655987
365480
121466
810566
44980
698924
848252
204670
591733
238818
560031
261930
317239
949872
537391
412248
531184
348847
790206
366336
870237
339497
28115
599619
567182
652227
41695
451608
63725
480342
569299
991378
567924
777190
975307
61439
735796
627162
119645
195813
137424
391234
272287
756267
810896
255199
397226
772790
75025
149763
175105
796565
716225
744745
176674
14657
380599
963189
880814
174211
231293
973971
995604
691840
612850
925321
736207
125976
218995
513969
776029
396164
996799
704679
433537
334051
396975
309800
72571
974983
208242
108379
521437
718242
607306
515866
702818
633514
956965
286459
326030
858325
834778
951459
403156
238878
406097
540043
70197
795431
233447
112357
241945
947893
437356
195404
598999
340211
228178
635448
825703
215189
773924
463322
999308
313109
864003
249100
87740
826712
218810
677503
857273
804156
452740
419703
365604
960775
342651
921111
925418
493036
310287
669972
96690
94603
534940
5482
520371
383923
258932
821775
275817
389365
491495
345835
914494
35395
685513
154332
422972
637290
290521
950065